% B = sym('b',4);
B=rand(4);
B(1:2,3:4)=0;
B(3:4,1:2)=0;
B
D = [1 1 0 0
     0 0 1 1];
C = [1 0 1 0 
     0 0 0 1]
% v0 = sym('v0',[4,1])
v0 = rand(4,1)